001.0
567.2
001.1
567.21
001.9
567.22
002.0
567.23
002.1
567.29
002.2
567.31
002.3
567.38
002.9
567.39
003.0
567.81
003.1
567.82
003.20
567.89
003.21
567.9
003.22
569.5
003.23
569.61
003.24
572.0
003.29
572.1
003.8
574.00
003.9
574.01
004.0
574.30
004.1
574.31
004.2
574.60
004.3
574.61
004.8
574.80
004.9
574.81
005.0
575.0
005.1
575.10
005.2
575.12
005.3
575.4
005.4
576.1
005.81
576.3
005.89
577.0
005.9
590.10
008.00
590.11
008.01
590.2
008.02
590.3
008.03
590.80
008.04
590.81
008.09
590.9
008.1
595.0
008.2
595.4
008.3
595.81
008.41
595.89
008.42
595.9
008.43
597.0
008.44
599.0
008.45
601.0
008.46
601.2
008.47
601.3
008.49
601.4
008.5
601.8
020.0
601.9
020.1
603.1
020.2
604.0
020.3
604.90
020.4
604.91
020.5
607.1
020.8
607.2
020.9
608.0
021.0
608.4
021.1
611.0
021.2
614.0
021.3
614.1
021.8
614.2
021.9
614.3
022.0
614.4
022.1
614.5
022.2
614.9
022.3
615.0
022.8
615.9
022.9
616.0
023.0
616.10
023.1
616.3
023.2
616.4
023.3
634.00
023.8
634.01
023.9
634.02
024
635.00
025
635.01
026.0
635.02
026.1
636.00
026.9
636.01
027.0
636.02
027.1
637.00
027.2
637.01
027.8
637.02
027.9
638.0
032.0
639.0
032.1
646.50
032.2
646.51
032.3
646.52
032.81
646.53
032.82
646.54
032.83
646.60
032.84
646.61
032.85
646.62
032.89
646.63
032.9
646.64
033.0
647.10
033.1
647.11
033.8
647.12
033.9
647.13
034.0
647.14
034.1
647.80
035
647.81
036.0
647.82
036.1
647.83
036.2
647.84
036.3
647.90
036.40
647.91
036.41
647.92
036.42
647.93
036.43
647.94
036.81
658.40
036.82
658.41
036.89
658.43
036.9
670.00
037
670.02
038.0
670.04
038.10
670.10
038.11
670.12
038.12
670.14
038.19
670.20
038.2
670.22
038.3
670.24
038.40
670.30
038.41
670.32
038.42
670.34
038.43
670.80
038.44
670.82
038.49
670.84
038.8
675.00
038.9
675.01
039.0
675.02
039.1
675.03
039.2
675.04
039.3
675.10
039.4
675.11
039.8
675.12
039.9
675.13
040.0
675.14
040.1
675.80
040.2
675.81
040.3
675.82
040.41
675.83
040.42
675.84
040.81
675.90
040.82
675.91
040.89
675.92
041.00
675.93
041.01
675.94
041.02
680.0
041.03
680.1
041.04
680.2
041.05
680.3
041.09
680.4
041.10
680.5
041.11
680.6
041.12
680.7
041.19
680.8
041.2
680.9
041.3
681.00
041.4
681.01
041.41
681.02
041.42
681.10
041.43
681.11
041.49
681.9
041.5
682.0
041.6
682.1
041.7
682.2
041.82
682.3
041.83
682.4
041.84
682.5
041.85
682.6
041.86
682.7
041.89
682.8
041.9
682.9
078.3
683
098.0
684
098.10
686.00
098.11
686.09
098.12
686.8
098.13
686.9
098.14
695.81
098.15
707.00
098.16
707.01
098.17
707.02
098.19
707.03
098.2
707.04
098.30
707.05
098.31
707.06
098.32
707.07
098.33
707.09
098.34
707.20
098.35
707.22
098.36
707.23
098.37
707.24
098.39
711.00
098.40
711.01
098.41
711.02
098.42
711.03
098.43
711.04
098.49
711.05
098.50
711.06
098.51
711.07
098.52
711.08
098.53
711.09
098.59
711.90
098.6
711.91
098.7
711.92
098.81
711.93
098.82
711.94
098.83
711.95
098.84
711.96
098.85
711.97
098.86
711.98
098.89
711.99
320.0
728.0
320.1
728.86
320.2
730.00
320.3
730.01
320.7
730.02
320.81
730.03
320.82
730.04
320.89
730.05
320.9
730.06
322.9
730.07
324.0
730.08
324.1
730.09
324.9
730.10
360.00
730.11
360.01
730.12
360.02
730.13
360.04
730.14
370.55
730.15
372.00
730.16
372.03
730.17
372.04
730.18
372.20
730.19
372.21
730.20
372.30
730.21
373.00
730.22
373.01
730.23
373.11
730.24
373.12
730.25
373.13
730.26
375.00
730.27
375.01
730.28
375.30
730.29
375.31
730.30
375.32
730.31
376.01
730.32
376.02
730.33
376.03
730.34
376.04
730.35
380.10
730.36
380.11
730.37
380.12
730.38
380.13
730.39
380.14
730.80
381.50
730.81
381.51
730.82
382.00
730.83
382.01
730.84
382.02
730.85
382.1
730.86
382.2
730.87
382.3
730.88
382.4
730.89
382.9
730.90
383.00
730.91
383.01
730.92
383.02
730.93
383.20
730.94
383.21
730.95
384.00
730.96
386.33
730.97
420.0
730.98
420.90
730.99
420.99
771.3
421.0
771.4
421.1
771.5
421.9
771.81
422.92
771.82
461.0
771.83
461.1
771.89
461.2
777.5
461.3
777.50
461.8
777.51
461.9
777.52
462
777.53
463
785.4
464.30
785.52
464.31
790.7
466.0
910.1
475
910.3
478.22
910.5
478.24
910.7
481
910.9
482.0
911.1
482.1
911.3
482.2
911.5
482.30
911.7
482.31
911.9
482.32
912.1
482.39
912.3
482.40
912.5
482.41
912.7
482.42
912.9
482.49
913.1
482.81
913.3
482.82
913.5
482.83
913.7
482.84
913.9
482.89
914.1
482.9
914.3
484.3
914.5
484.5
914.7
484.8
914.9
485
915.1
486
915.3
490
915.5
491.22
915.7
494.1
915.9
510.0
916.1
510.9
916.3
511.1
916.5
513.0
916.7
513.1
916.9
519.01
917.1
519.2
917.3
522.0
917.5
522.5
917.7
522.7
917.9
523.0
919.1
523.00
919.3
523.01
919.5
523.3
919.7
523.30
919.9
523.31
995.90
523.32
995.91
523.33
995.92
526.4
996.60
527.3
996.61
528.3
996.62
536.41
996.63
539.01
996.64
539.81
996.65
596.81
996.66
540.0
996.67
540.1
996.69
540.9
997.62
541
998.02
542
998.51
562.01
998.59
562.03
999.3
562.11
999.31
562.13
999.32
566
999.33
567.0
999.34
567.1