001
264
002
266
009
267
014
352
016
453
017
454
020
455
021
456
022
457
023
458
024
459
027
460
028
461
029
462
030
463
031
464
032
465
033
466
034
467
035
468
036
469
037
470
038
471
039
472
040
473
041
474
042
475
113
476
114
477
115
478
116
479
117
482
129
483
130
484
131
485
132
486
133
487
134
488
136
489
137
490
138
491
139
494
215
495
216
496
217
497
218
498
219
499
220
500
221
501
222
502
223
503
224
504
225
505
226
506
227
507
228
508
229
509
230
510
231
511
232
512
233
513
234
514
235
515
236
516
237
517
238
582
239
583
240
584
241
585
242
614
243
615
244
616
245
617
246
618
247
622
248
623
249
624
250
625
251
626
252
627
253
628
254
629
255
630
256
711
257
712
258
799
259
800
260
801
261
802
262
803
263
804