003
620
004
621
005
652
006
653
007
654
008
655
010
656
011
657
012
658
013
659
061
660
062
661
063
662
163
663
164
664
165
665
166
666
167
667
168
668
327
669
329
670
330
672
331
673
332
674
333
675
334
707
335
708
336
709
337
710
341
713
342
714
343
715
344
716
345
717
346
718
347
734
348
735
349
736
356
737
357
738
358
739
405
740
406
741
407
742
408
743
409
744
410
745
411
746
412
747
413
748
414
749
415
750
416
765
417
766
418
767
419
768
420
769
421
770
422
774
423
775
424
981
425
982
576
983
577
984
578
985
579
986
580
987
581
988
619
989